-0.075787 6.875 2.1870000000000003 -2049.9369999999999 1.6499999999999999 327.94 1.4500000000000011 255.81470899999999 250.81470905 274.00467200000003 269.00467220000002 261.79860200000002 256.79860194999998 260.68575800000002 255.6857578
-0.174298 5.25 2.5620000000000003 -2044.5 1.71 328.37 1.3800000000000008 255.2960635 250.29606341900001 273.20737600000001 268.20737604999999 263.24267550000002 258.24267555 259.37803050000002 254.37803073000001
-0.272722 4.75 5.375 -2048.5 2.1999999999999997 329.02999999999997 1.2100000000000009 255.029741 250.029740863 272.224131 267.22413104999998 264.72143799999998 259.72143799999998 258.18680999999998 253.186809815
-0.371129 4.4379999999999882 4.6870000000000003 -2054.1869999999999 2.0800000000000001 329.95999999999998 0.94000000000000128 255.0433625 250.04336254565001 271.08415500000001 266.08415480000002 266.2056675 261.20566769999999 257.14132799999999 252.14132791500001
-0.469981 4.5629999999999882 2.875 -2052.9369999999999 1.77 329.75999999999999 1.0400000000000009 255.33485400000001 250.33485410450001 269.816665 264.81666510000002 267.66614600000003 262.66614625 256.27081800000002 251.27081787500001
-0.567913 4.625 1.8120000000000001 -2048.0619999999999 1.5799999999999998 328.95999999999998 1.2699999999999996 255.8758995 250.87589955999999 268.45087949999999 263.45087960000001 269.07365649999997 264.07365664999998 255.6045125 250.60451255500001
-0.666077 4.8129999999999882 0.68700000000000006 -2043.25 1.3899999999999999 328.14999999999998 1.4299999999999997 256.63727999999998 251.63727976000001 267.01601599999998 262.01601605000002 270.39898199999999 265.39898195000001 255.17164500000001 250.17164479900001
-0.763835 4.8129999999999882 4.3120000000000003 -2045.9369999999999 1.9199999999999999 328.50999999999999 1.3399999999999999 257.58977549999997 252.589775535 265.541292 260.54129219999999 271.61290500000001 266.61290509999998 255.00144750000001 250.00144746262501
-0.862898 4.0 8.875 -2052.0 1.4399999999999999 329.5 1.0099999999999998 258.70416749999998 253.704167735 264.055926 259.05592575000003 272.68620900000002 267.68620915000002 255.11602600000001 250.116026178
-0.961362 4.25 10.686999999999999 -2053.25 1.8099999999999998 329.75999999999999 0.86000000000000121 259.95123699999999 254.95123719 262.589135 257.58913489999998 273.58967699999999 268.58967704999998 255.49906050000001 250.49906064149999
-1.070584 3.875 2.875 -2050.375 1.77 329.35000000000002 1.1600000000000001 261.30176499999999 256.30176475000002 261.17013800000001 256.17013800000001 274.29409199999998 269.29409184999997 256.12133799999998 251.12133825000001
-1.169809 4.75 -8.0630000000000006 -2048.9369999999999 -1.3800000000000001 329.08999999999997 1.1600000000000001 262.72653100000002 257.72653124999999 259.82815349999998 254.82815357000001 274.77023650000001 269.77023650000001 256.95363700000001 251.95363696000001
-1.267357 4.9379999999999882 -4.875 -2049.75 -0.83999999999999997 329.24000000000001 1.1799999999999997 264.19631750000002 259.19631755 258.5924 253.59240002000001 274.98889400000002 269.98889405 257.96673449999997 252.96673473000001
-1.36488 4.0629999999999882 5.4370000000000003 -2051.25 2.0600000000000001 329.45999999999998 1.1100000000000012 265.68190449999997 260.68190449999997 257.492096 252.49209579500001 274.92454650000002 269.92454674999999 259.13140950000002 254.131409515
-1.463286 3.25 9.9369999999999994 -2051.875 1.6899999999999999 329.54000000000002 0.95000000000000107 267.15407549999998 262.15407540000001 256.55645950000002 251.55645932499999 274.58680149999998 269.58680164999998 260.41843949999998 255.41843929999999
-1.562806 3.6879999999999882 6.0 -2049.875 1.02 329.25999999999999 1.1400000000000006 268.58361600000001 263.58361595000002 255.81470899999999 250.81470905 274.00467200000003 269.00467220000002 261.79860200000002 256.79860194999998
-1.662368 1.875 -5.4379999999999997 -2047.4369999999999 -0.92999999999999994 328.86000000000001 1.2599999999999998 269.94131199999998 264.94131205000002 255.2960635 250.29606341900001 273.20737600000001 268.20737604999999 263.24267550000002 258.24267555
-1.761605 5.25 -4.0629999999999997 -2048.0619999999999 -0.69999999999999996 328.95999999999998 1.2599999999999998 271.19794949999999 266.19794960000002 255.029741 250.029740863 272.224131 267.22413104999998 264.72143799999998 259.72143799999998
-1.860779 2.4370000000000118 5.5 -2052.0 2.21 329.60000000000002 1.0500000000000007 272.32431450000001 267.32431444999997 255.0433625 250.04336254565001 271.08415500000001 266.08415480000002 266.2056675 261.20566769999999
-1.959979 3.4379999999999882 7.0 -2056.8119999999999 1.1899999999999999 330.36000000000001 0.75 273.29119250000002 268.29119250000002 255.33485400000001 250.33485410450001 269.816665 264.81666510000002 267.66614600000003 262.66614625
-2.058481 4.0629999999999882 3.0 -2056.6869999999999 1.7899999999999998 330.36000000000001 0.82000000000000028 274.06936949999999 269.06936965 255.8758995 250.87589955999999 268.45087949999999 263.45087960000001 269.07365649999997 264.07365664999998
-2.156106 4.6879999999999882 0.125 -2054.9369999999999 0.040000000000000008 330.11000000000001 0.94000000000000128 274.62963150000002 269.62963174999999 256.63727999999998 251.63727976000001 267.01601599999998 262.01601605000002 270.39898199999999 265.39898195000001
-2.258283 5.4379999999999882 1.0620000000000001 -2053.375 1.45 329.83999999999997 1.0300000000000011 274.94276450000001 269.9427647 257.58977549999997 252.589775535 265.541292 260.54129219999999 271.61290500000001 266.61290509999998
-2.356617 5.8129999999999882 3.25 -2050.4369999999999 1.8199999999999998 329.41000000000003 1.1400000000000006 274.98004950000001 269.98004965000001 258.70416749999998 253.704167735 264.055926 259.05592575000003 272.68620900000002 267.68620915000002
-2.456227 5.125 1.0620000000000001 -2048.8119999999999 0.24000000000000002 329.10000000000002 1.2400000000000002 274.73585100000003 269.7358509 259.95123699999999 254.95123719 262.589135 257.58913489999998 273.58967699999999 268.58967704999998
-2.555221 4.4379999999999882 -1.0 -2050.0619999999999 -0.17999999999999999 329.30000000000001 1.1900000000000013 274.236943 269.23694319999998 261.30176499999999 256.30176475000002 261.17013800000001 256.17013800000001 274.29409199999998 269.29409184999997
-2.654152 2.6870000000000118 -0.875 -2054.3119999999999 -0.15000000000000002 329.99000000000001 0.98000000000000043 273.51253000000003 268.51252994999999 262.72653100000002 257.72653124999999 259.82815349999998 254.82815357000001 274.77023650000001 269.77023650000001
-2.753786 2.75 0.125 -2053.0619999999999 1.2999999999999998 329.79000000000002 1.0400000000000009 272.5918145 267.59181445000002 264.19631750000002 259.19631755 258.5924 253.59240002000001 274.98889400000002 269.98889405
-2.85324 4.8129999999999882 1.9370000000000001 -2051.1869999999999 1.6099999999999999 329.48000000000002 1.1300000000000008 271.50400000000002 266.50400000000002 265.68190449999997 260.68190449999997 257.492096 252.49209579500001 274.92454650000002 269.92454674999999
-2.95236 8.5 2.6870000000000003 -2049.0619999999999 0.45000000000000007 329.13 1.2200000000000006 270.27828999999997 265.2782899 267.15407549999998 262.15407540000001 256.55645950000002 251.55645932499999 274.58680149999998 269.58680164999998
-3.051232 10.063000000000001 0.875 -2046.6869999999999 1.4299999999999999 328.74000000000001 1.3200000000000003 268.94388750000002 263.94388739999999 268.58361600000001 263.58361595000002 255.81470899999999 250.81470905 274.00467200000003 269.00467220000002
-3.149054 23.687999999999999 -2.9379999999999997 -2047.9369999999999 -0.47999999999999998 328.89999999999998 1.2800000000000011 267.52999599999998 262.52999590000002 269.94131199999998 264.94131205000002 255.2960635 250.29606341900001 273.20737600000001 268.20737604999999
-3.247506 29.25 -3.0 -2049.6869999999999 -0.52000000000000002 329.22000000000003 1.2000000000000011 266.06581849999998 261.06581864999998 271.19794949999999 266.19794960000002 255.029741 250.029740863 272.224131 267.22413104999998
-3.350652 26.125 -4.875 -2048.8119999999999 -0.83999999999999997 329.08999999999997 1.2200000000000006 264.58055899999999 259.58055919999998 272.32431450000001 267.32431444999997 255.0433625 250.04336254565001 271.08415500000001 266.08415480000002
-3.449778 31.0 -8.4380000000000006 -2047.3119999999999 -1.4000000000000001 328.85000000000002 1.2100000000000009 263.10344450000002 258.10344470000001 273.29119250000002 268.29119250000002 255.33485400000001 250.33485410450001 269.816665 264.81666510000002
-3.548213 40.25 -10.688000000000001 -2045.375 -0.51000000000000001 328.50999999999999 1.2200000000000006 261.66374400000001 256.66374400000001 274.06936949999999 269.06936965 255.8758995 250.87589955999999 268.45087949999999 263.45087960000001
-3.647199 29.625 -11.438000000000001 -2046.625 -1.9500000000000002 328.69 1.1600000000000001 260.2907305 255.29073025 274.62963150000002 269.62963174999999 256.63727999999998 251.63727976000001 267.01601599999998 262.01601605000002
-3.74616 30.375 -9.0630000000000006 -2050.6869999999999 -0.27000000000000002 329.37 1.0600000000000005 259.01367700000003 254.01367677499999 274.94276450000001 269.9427647 257.58977549999997 252.589775535 265.541292 260.54129219999999
-3.845701 10.875 -4.9379999999999997 -2052.8119999999999 -0.84999999999999998 329.74000000000001 1.0300000000000011 257.86185649999999 252.8618567 274.98004950000001 269.98004965000001 258.70416749999998 253.704167735 264.055926 259.05592575000003
-3.945241 6.375 0.875 -2053.125 1.4299999999999999 329.80000000000001 1.0400000000000009 256.86454350000002 251.86454326 274.73585100000003 269.7358509 259.95123699999999 254.95123719 262.589135 257.58913489999998
-4.044777 13.187000000000012 8.0 -2052.5619999999999 1.3599999999999999 329.68000000000001 0.97000000000000064 256.05100950000002 251.05100965 274.236943 269.23694319999998 261.30176499999999 256.30176475000002 261.17013800000001 256.17013800000001
-4.143723 11.625 10.436999999999999 -2053.0 1.77 329.72000000000003 0.88000000000000078 255.45052899999999 250.45052908599999 273.51253000000003 268.51252994999999 262.72653100000002 257.72653124999999 259.82815349999998 254.82815357000001
-4.240941 13.0 8.8119999999999994 -2052.9369999999999 1.52 329.74000000000001 0.91999999999999993 255.092375 250.09237477299999 272.5918145 267.59181445000002 264.19631750000002 259.19631755 258.5924 253.59240002000001
-4.338437 13.375 9.6869999999999994 -2052.5 1.6399999999999999 329.64999999999998 0.92999999999999972 255.00574900000001 250.00574883835 271.50400000000002 266.50400000000002 265.68190449999997 260.68190449999997 257.492096 252.49209579500001
-4.440361 12.437000000000012 8.375 -2052.0 1.48 329.56999999999999 0.98000000000000043 255.20349849999999 250.20349849999999 270.27828999999997 265.2782899 267.15407549999998 262.15407540000001 256.55645950000002 251.55645932499999
-4.538433 12.5 4.5620000000000003 -2061.25 2.0499999999999998 329.81 1.0 255.6613285 250.66132832 268.94388750000002 263.94388739999999 268.58361600000001 263.58361595000002 255.81470899999999 250.81470905
-4.63634 6.0 0.68700000000000006 -2054.6869999999999 1.3899999999999999 330.05000000000001 0.95000000000000107 256.34981449999998 251.34981447999999 267.52999599999998 262.52999590000002 269.94131199999998 264.94131205000002 255.2960635 250.29606341900001
-4.733955 8.125 -1.4379999999999999 -2054.9369999999999 -0.25 330.08999999999997 0.94000000000000128 257.23953299999999 252.23953316000001 266.06581849999998 261.06581864999998 271.19794949999999 266.19794960000002 255.029741 250.029740863
-4.831975 14.5 -3.5 -2054.1869999999999 -0.56000000000000005 329.99000000000001 0.97000000000000064 258.30106050000001 253.301060535 264.58055899999999 259.58055919999998 272.32431450000001 267.32431444999997 255.0433625 250.04336254565001
-4.929763 25.937999999999999 -5.0629999999999997 -2053.3119999999999 -0.87 329.81999999999999 1.0 259.50497300000001 254.50497279499999 263.10344450000002 258.10344470000001 273.29119250000002 268.29119250000002 255.33485400000001 250.33485410450001
-5.027712 27.125 -5.125 -2053.125 -0.88 329.80000000000001 1.0099999999999998 260.82184599999999 255.82184609999999 261.66374400000001 256.66374400000001 274.06936949999999 269.06936965 255.8758995 250.87589955999999
-5.125675 26.812999999999999 -4.125 -2053.0 -0.70999999999999996 329.76999999999998 1.0300000000000011 262.22225650000001 257.22225665000002 260.2907305 255.29073025 274.62963150000002 269.62963174999999 256.63727999999998 251.63727976000001
-5.223359 26.625 -3.5 -2052.875 -0.58999999999999997 329.75999999999999 1.0400000000000009 263.67678050000001 258.67678065000001 259.01367700000003 254.01367677499999 274.94276450000001 269.9427647 257.58977549999997 252.589775535
-5.321865 25.375 -3.9379999999999997 -2052.9369999999999 -0.66999999999999993 329.75999999999999 1.0400000000000009 265.15599450000002 260.15599444999998 257.86185649999999 252.8618567 274.98004950000001 269.98004965000001 258.70416749999998 253.704167735
-5.420307 12.688000000000001 -2.8129999999999997 -2053.625 -0.48999999999999999 329.88 1.0099999999999998 266.63069250000001 261.6306927 256.86454350000002 251.86454326 274.73585100000003 269.7358509 259.95123699999999 254.95123719
-5.507463 4.625 -0.062999999999999945 -2054.3119999999999 -0.020000000000000004 2.3100000000000023 -0.29999999999999982 268.07230900000002 263.07230900000002 256.05100950000002 251.05100965 274.236943 269.23694319999998 261.30176499999999 256.30176475000002
-5.567443 1.0 1.5620000000000001 -2054.375 0.26000000000000001 2.3199999999999932 -0.30999999999999961 269.45239300000003 264.45239305000001 255.45052899999999 250.45052908599999 273.51253000000003 268.51252994999999 262.72653100000002 257.72653124999999
-5.626707 -1696.5619999999999 3.125 -2062.0619999999999 0.53000000000000003 329.94 -0.30999999999999961 270.74249450000002 265.74249465000003 255.092375 250.09237477299999 272.5918145 267.59181445000002 264.19631750000002 259.19631755
-5.685731 13.625 -2043.3130000000001 -2061.4369999999999 -326.88 329.83999999999997 -0.28999999999999915 271.91416349999997 266.91416349999997 255.00574900000001 250.00574883835 271.50400000000002 266.50400000000002 265.68190449999997 260.68190449999997
-5.744137 -1707.875 -2041.5630000000001 -2060.625 1.0399999999999998 329.72000000000003 -0.27999999999999936 272.93894949999998 267.93894945 255.20349849999999 250.20349849999999 270.27828999999997 265.2782899 267.15407549999998 262.15407540000001
-5.804079 23.312000000000012 0.56200000000000006 -2059.8119999999999 1.3999999999999999 329.56999999999999 -0.28999999999999915 274.49310100000002 269.49310094999998 255.6613285 250.66132832 268.94388750000002 263.94388739999999 268.58361600000001 263.58361595000002
-5.865867 -1714.875 1.9370000000000001 -2.9369999999998981 1.6899999999999999 329.38999999999999 -0.27999999999999936 274.8798395 269.87983974999997 256.34981449999998 251.34981447999999 267.52999599999998 262.52999590000002 269.94131199999998 264.94131205000002
-5.925529 -1715.5 2.1870000000000003 -2.5619999999998981 1.73 329.33999999999997 -0.27999999999999936 274.99901 269.99900984999999 257.23953299999999 252.23953316000001 266.06581849999998 261.06581864999998 271.19794949999999 266.19794960000002
-5.984683 -1715.6869999999999 1.25 -2.5 1.5899999999999999 329.32999999999998 -0.25 274.83372800000001 269.83372800000001 258.30106050000001 253.301060535 264.58055899999999 259.58055919999998 272.32431450000001 267.32431444999997
-6.043489 -1715.8119999999999 0.375 -2.5 1.4199999999999999 329.32999999999998 -0.21899999999999942 274.40555499999999 269.40555510000002 259.50497300000001 254.50497279499999 263.10344450000002 258.10344470000001 273.29119250000002 268.29119250000002
-6.102018 26.187000000000012 7.5620000000000003 -2050.625 1.2899999999999998 329.36000000000001 1.0700000000000003 273.74365399999999 268.74365404999998 260.82184599999999 255.82184609999999 261.66374400000001 256.66374400000001 274.06936949999999 269.06936965
-6.162624 23.875 -2041.0630000000001 -2.9369999999998981 1.1799999999999999 329.42000000000002 1.0700000000000003 272.87718799999999 267.87718784999998 262.22225650000001 257.22225665000002 260.2907305 255.29073025 274.62963150000002 269.62963174999999
-6.222891 19.687000000000012 -2042.1880000000001 -2059.3119999999999 0.9900000000000001 329.48000000000002 1.0800000000000001 271.83531950000003 266.83531944999999 263.67678050000001 258.67678065000001 259.01367700000003 254.01367677499999 274.94276450000001 269.9427647
-6.283312 14.187000000000012 -2043.875 -2059.5619999999999 -326.98000000000002 329.54000000000002 -0.1899999999999995 270.64721200000002 265.64721179999998 265.15599450000002 260.15599444999998 257.86185649999999 252.8618567 274.98004950000001 269.98004965000001
-6.341693 -1697.1869999999999 2.0620000000000003 -2059.75 0.34999999999999998 329.57999999999998 -0.17999999999999972 269.34202800000003 264.34202779999998 266.63069250000001 261.6306927 256.86454350000002 251.86454326 274.73585100000003 269.7358509
-6.400124 2.625 -0.12499999999999994 -2051.1869999999999 -0.020000000000000004 329.49000000000001 1.1400000000000006 267.94893050000002 262.94893044999998 268.07230900000002 263.07230900000002 256.05100950000002 251.05100965 274.236943 269.23694319999998
-6.460961 -0.25 -1.3129999999999999 -2049.9369999999999 -0.23000000000000001 329.26999999999998 1.2000000000000011 266.49708249999998 261.49708270000002 269.45239300000003 264.45239305000001 255.45052899999999 250.45052908599999 273.51253000000003 268.51252994999999
-6.522367 -0.5 -1.5 -2048.75 -0.26000000000000001 329.08999999999997 1.25 265.0156475 260.01564745000002 270.74249450000002 265.74249465000003 255.092375 250.09237477299999 272.5918145 267.59181445000002
-6.590049 -1689.5619999999999 -9.25 8.125 -0.21000000000000002 1.25 0.0 263.53379899999999 258.53379905000003 271.91416349999997 266.91416349999997 255.00574900000001 250.00574883835 271.50400000000002 266.50400000000002
-6.648639 -1690.4369999999999 -8.6880000000000006 8.5630000000001019 -0.12000000000000001 1.1899999999999977 0.019999999999999574 262.080758 257.08075819999999 272.93894949999998 267.93894945 255.20349849999999 250.20349849999999 270.27828999999997 265.2782899
-6.707808 -1690.9369999999999 -0.062999999999999945 -2046.625 -0.010000000000000009 -0.23000000000001819 -327.63 260.68575800000002 255.6857578 274.49310100000002 269.49310094999998 255.6613285 250.66132832 268.94388750000002 263.94388739999999
-6.767162 -1691.625 1.0 -2044.5 0.17000000000000001 327.07999999999998 -327.56999999999999 259.37803050000002 254.37803073000001 274.8798395 269.87983974999997 256.34981449999998 251.34981447999999 267.52999599999998 262.52999590000002
-6.825739 3.625 1.9370000000000001 0.375 0.31999999999999995 327.70999999999998 -327.49000000000001 258.18680999999998 253.186809815 274.99901 269.99900984999999 257.23953299999999 252.23953316000001 266.06581849999998 261.06581864999998
-6.885937 4.1870000000000118 1.6250000000000002 -2046.5 0.27000000000000002 327.33999999999997 -327.44999999999999 257.14132799999999 252.14132791500001 274.83372800000001 269.83372800000001 258.30106050000001 253.301060535 264.58055899999999 259.58055919999998
-6.94459 4.125 1.5000000000000002 -2038.875 0.24999999999999997 -0.25999999999999091 -327.45999999999998 256.27081800000002 251.27081787500001 274.40555499999999 269.40555510000002 259.50497300000001 254.50497279499999 263.10344450000002 258.10344470000001
-7.004317 4.0 1.7500000000000002 0.875 0.30000000000000004 327.45999999999998 1.5 255.6045125 250.60451255500001 273.74365399999999 268.74365404999998 260.82184599999999 255.82184609999999 261.66374400000001 256.66374400000001
-7.065115 3.9370000000000118 1.5000000000000002 -0.625 0.28000000000000003 327.68000000000001 1.4800000000000004 255.17164500000001 250.17164479900001 272.87718799999999 267.87718784999998 262.22225650000001 257.22225665000002 260.2907305 255.29073025
-7.124879 3.6870000000000118 0.56200000000000006 -2.5 0.089999999999999997 328.02999999999997 1.4400000000000013 255.00144750000001 250.00144746262501 271.83531950000003 266.83531944999999 263.67678050000001 258.67678065000001 259.01367700000003 254.01367677499999
-7.186147 3.625 0.31200000000000006 -2045.5619999999999 0.049999999999999989 327.26999999999998 0.080000000000000071 255.11602600000001 250.116026178 270.64721200000002 265.64721179999998 265.15599450000002 260.15599444999998 257.86185649999999 252.8618567
-7.244886 3.9370000000000118 0.75 0.81300000000010186 0.12 -0.13999999999998636 0.030000000000001137 255.49906050000001 250.49906064149999 269.34202800000003 264.34202779999998 266.63069250000001 261.6306927 256.86454350000002 251.86454326
-7.304207 4.1870000000000118 0.5 -1.0619999999998981 0.079999999999999988 329.13 1.2400000000000002 256.12133799999998 251.12133825000001 267.94893050000002 262.94893044999998 268.07230900000002 263.07230900000002 256.05100950000002 251.05100965
-7.365461 4.5620000000000118 -0.24999999999999994 -2059.875 -0.029999999999999999 329.50999999999999 1.1300000000000008 256.95363700000001 251.95363696000001 266.49708249999998 261.49708270000002 269.45239300000003 264.45239305000001 255.45052899999999 250.45052908599999
-7.42616 4.4370000000000118 -8.6880000000000006 -2054.875 -0.10000000000000001 330.01999999999998 0.97000000000000064 257.96673449999997 252.96673473000001 265.0156475 260.01564745000002 270.74249450000002 265.74249465000003 255.092375 250.09237477299999
-7.486911 4.25 -9.1880000000000006 -8.3119999999998981 -0.20000000000000001 3.9200000000000159 -0.41999999999999993 259.13140950000002 254.131409515 263.53379899999999 258.53379905000003 271.91416349999997 266.91416349999997 255.00574900000001 250.00574883835
-7.545661 4.1870000000000118 -1.3129999999999999 -2057.8119999999999 -0.23000000000000001 4.1499999999999773 -0.51999999999999957 260.41843949999998 255.41843929999999 262.080758 257.08075819999999 272.93894949999998 267.93894945 255.20349849999999 250.20349849999999
-7.608159 4.125 -8.9380000000000006 -2051.0619999999999 -0.16 330.75 -327.0 261.79860200000002 256.79860194999998 260.68575800000002 255.6857578 274.49310100000002 269.49310094999998 255.6613285 250.66132832
-7.666866 4.25 -0.37499999999999994 -2059.625 -0.090000000000000011 330.82100000000003 0.65000000000000036 263.24267550000002 258.24267555 259.37803050000002 254.37803073000001 274.8798395 269.87983974999997 256.34981449999998 251.34981447999999
-7.72618 4.0620000000000118 0.375 -2060.125 0.040000000000000008 330.89999999999998 0.61000000000000121 264.72143799999998 259.72143799999998 258.18680999999998 253.186809815 274.99901 269.99900984999999 257.23953299999999 252.23953316000001
-7.786015 4.0 0.81200000000000006 -2060.5619999999999 0.13999999999999999 329.69999999999999 -327.10999999999996 266.2056675 261.20566769999999 257.14132799999999 252.14132791500001 274.83372800000001 269.83372800000001 258.30106050000001 253.301060535
-7.844455 4.0620000000000118 1.1870000000000001 -2061.5619999999999 0.19999999999999998 329.85000000000002 -327.19 267.66614600000003 262.66614625 256.27081800000002 251.27081787500001 274.40555499999999 269.40555510000002 259.50497300000001 254.50497279499999
-7.902792 4.3120000000000118 1.3120000000000001 -2063.6869999999999 0.22 331.45999999999998 0.32000000000000028 269.07365649999997 264.07365664999998 255.6045125 250.60451255500001 273.74365399999999 268.74365404999998 260.82184599999999 255.82184609999999
-7.96342 4.25 0.875 -2065.75 0.13999999999999999 331.75999999999999 0.15000000000000036 270.39898199999999 265.39898195000001 255.17164500000001 250.17164479900001 272.87718799999999 267.87718784999998 262.22225650000001 257.22225665000002
-8.024088 4.3120000000000118 0.56200000000000006 -2066.9369999999999 0.089999999999999997 331.94 0.040000000000000924 271.61290500000001 266.61290509999998 255.00144750000001 250.00144746262501 271.83531950000003 266.83531944999999 263.67678050000001 258.67678065000001
-8.084446 4.1870000000000118 0.18700000000000006 -2076.125 0.029999999999999999 332.11000000000001 -0.059999999999998721 272.68620900000002 267.68620915000002 255.11602600000001 250.116026178 270.64721200000002 265.64721179999998 265.15599450000002 260.15599444999998
-8.142781 4.3120000000000118 0.18700000000000006 -2076.8119999999999 0.01999999999999999 332.20999999999998 -0.12899999999999956 273.58967699999999 268.58967704999998 255.49906050000001 250.49906064149999 269.34202800000003 264.34202779999998 266.63069250000001 261.6306927
-8.201081 4.3120000000000118 -0.062999999999999945 -2076.9369999999999 -0.020000000000000004 332.22000000000003 -0.13899999999999935 274.29409199999998 269.29409184999997 256.12133799999998 251.12133825000001 267.94893050000002 262.94893044999998 268.07230900000002 263.07230900000002
-8.259445 3.8120000000000118 -0.062999999999999945 -2075.25 -0.010000000000000009 331.98000000000002 0.0099999999999997868 274.77023650000001 269.77023650000001 256.95363700000001 251.95363696000001 266.49708249999998 261.49708270000002 269.45239300000003 264.45239305000001
-8.318001 3.625 0.625 -15.686999999999898 0.079999999999999988 331.56999999999999 0.25999999999999979 274.98889400000002 269.98889405 257.96673449999997 252.96673473000001 265.0156475 260.01564745000002 270.74249450000002 265.74249465000003
-8.377469 3.75 1.4370000000000001 -17.625 0.22 330.69 0.70000000000000107 274.92454650000002 269.92454674999999 259.13140950000002 254.131409515 263.53379899999999 258.53379905000003 271.91416349999997 266.91416349999997
-8.4374 3.875 1.8120000000000001 -2060.375 0.30999999999999994 329.67000000000002 -0.19999999999999929 274.58680149999998 269.58680164999998 260.41843949999998 255.41843929999999 262.080758 257.08075819999999 272.93894949999998 267.93894945
-8.496128 3.9370000000000118 2.25 0.875 0.39000000000000001 -0.14999999999997726 0.019999999999999574 274.00467200000003 269.00467220000002 261.79860200000002 256.79860194999998 260.68575800000002 255.6857578 274.49310100000002 269.49310094999998
-8.555759 3.8120000000000118 3.0 -2043.875 0.51000000000000001 328.25999999999999 1.3900000000000006 273.20737600000001 268.20737604999999 263.24267550000002 258.24267555 259.37803050000002 254.37803073000001 274.8798395 269.87983974999997
-8.624445 4.0 3.8120000000000003 -2041.0 0.65000000000000002 327.76999999999998 1.4500000000000011 272.224131 267.22413104999998 264.72143799999998 259.72143799999998 258.18680999999998 253.186809815 274.99901 269.99900984999999
-8.68708 3.8120000000000118 -2044.25 -1.6869999999998981 -327.04000000000002 0.20999999999997954 -327.51999999999998 271.08415500000001 266.08415480000002 266.2056675 261.20566769999999 257.14132799999999 252.14132791500001 274.83372800000001 269.83372800000001
-8.745819 -1692.4369999999999 3.25 -2044.1869999999999 -327.13 327.02999999999997 -327.57999999999998 269.816665 264.81666510000002 267.66614600000003 262.66614625 256.27081800000002 251.27081787500001 274.40555499999999 269.40555510000002
-8.819474 3.625 3.25 -2043.9369999999999 1.8299999999999998 328.29000000000002 1.3900000000000006 268.45087949999999 263.45087960000001 269.07365649999997 264.07365664999998 255.6045125 250.60451255500001 273.74365399999999 268.74365404999998
-8.918355 4.3129999999999882 4.375 -2043.4369999999999 0.71000000000000008 328.24000000000001 1.3800000000000008 267.01601599999998 262.01601605000002 270.39898199999999 265.39898195000001 255.17164500000001 250.17164479900001 272.87718799999999 267.87718784999998
-9.018379 5.125 6.75 -2041.4369999999999 2.3900000000000001 327.88 1.3900000000000006 265.541292 260.54129219999999 271.61290500000001 266.61290509999998 255.00144750000001 250.00144746262501 271.83531950000003 266.83531944999999
-9.119212 5.125 8.25 -2039.125 1.3899999999999999 327.49000000000001 1.3900000000000006 264.055926 259.05592575000003 272.68620900000002 267.68620915000002 255.11602600000001 250.116026178 270.64721200000002 265.64721179999998
-9.219609 4.625 8.75 -2036.125 1.49 327.0 1.4000000000000004 262.589135 257.58913489999998 273.58967699999999 268.58967704999998 255.49906050000001 250.49906064149999 269.34202800000003 264.34202779999998
-9.320707 3.5 9.3119999999999994 -2038.5619999999999 1.5299999999999998 327.20999999999998 1.3800000000000008 261.17013800000001 256.17013800000001 274.29409199999998 269.29409184999997 256.12133799999998 251.12133825000001 267.94893050000002 262.94893044999998
-9.420273 2.3129999999999882 11.625 -2049.125 1.9699999999999998 328.94999999999999 1.0500000000000007 259.82815349999998 254.82815357000001 274.77023650000001 269.77023650000001 256.95363700000001 251.95363696000001 266.49708249999998 261.49708270000002
-9.518445 37.437000000000012 8.8119999999999994 -2051.6869999999999 1.5 329.52999999999997 0.99000000000000021 258.5924 253.59240002000001 274.98889400000002 269.98889405 257.96673449999997 252.96673473000001 265.0156475 260.01564745000002
-9.621426 28.625 6.1870000000000003 -2054.375 2.3300000000000001 329.99000000000001 0.91000000000000014 257.492096 252.49209579500001 274.92454650000002 269.92454674999999 259.13140950000002 254.131409515 263.53379899999999 258.53379905000003
-9.720654 28.125 5.1870000000000003 -2053.4369999999999 2.1499999999999999 329.85000000000002 0.98000000000000043 256.55645950000002 251.55645932499999 274.58680149999998 269.58680164999998 260.41843949999998 255.41843929999999 262.080758 257.08075819999999
-9.819523 27.062000000000012 7.0 -2049.4369999999999 1.1399999999999999 329.25999999999999 1.120000000000001 255.81470899999999 250.81470905 274.00467200000003 269.00467220000002 261.79860200000002 256.79860194999998 260.68575800000002 255.6857578
-9.919011 33.25 8.4369999999999994 -2043.25 1.4299999999999999 328.13999999999999 1.3100000000000005 255.2960635 250.29606341900001 273.20737600000001 268.20737604999999 263.24267550000002 258.24267555 259.37803050000002 254.37803073000001
-10.018217 31.187000000000012 10.811999999999999 -2037.1869999999999 1.8299999999999998 327.11000000000001 1.3300000000000001 255.029741 250.029740863 272.224131 267.22413104999998 264.72143799999998 259.72143799999998 258.18680999999998 253.186809815
-10.118292 27.0 12.125 -2035.375 2.0600000000000001 326.81999999999999 1.2900000000000009 255.0433625 250.04336254565001 271.08415500000001 266.08415480000002 266.2056675 261.20566769999999 257.14132799999999 252.14132791500001
-10.218392 15.5 11.875 -2035.0 2.0099999999999998 326.75 1.3000000000000007 255.33485400000001 250.33485410450001 269.816665 264.81666510000002 267.66614600000003 262.66614625 256.27081800000002 251.27081787500001
-10.318513 13.187000000000012 11.375 -2036.375 1.9299999999999997 326.98000000000002 1.3200000000000003 255.8758995 250.87589955999999 268.45087949999999 263.45087960000001 269.07365649999997 264.07365664999998 255.6045125 250.60451255500001
-10.418725 19.375 8.875 -2040.125 1.51 327.62 1.3600000000000012 256.63727999999998 251.63727976000001 267.01601599999998 262.01601605000002 270.39898199999999 265.39898195000001 255.17164500000001 250.17164479900001
-10.519976 12.812000000000012 11.875 -2046.25 2.02 328.62 1.1100000000000012 257.58977549999997 252.589775535 265.541292 260.54129219999999 271.61290500000001 266.61290509999998 255.00144750000001 250.00144746262501
-10.619472 23.625 23.625 -2050.6869999999999 3.9099999999999997 329.17000000000002 0.33999999999999986 258.70416749999998 253.704167735 264.055926 259.05592575000003 272.68620900000002 267.68620915000002 255.11602600000001 250.116026178
-10.707011 -1714.0619999999999 -2027.625 -2059.9369999999999 -323.04000000000002 0.29000000000002046 -0.070000000000000284 259.95123699999999 254.95123719 262.589135 257.58913489999998 273.58967699999999 268.58967704999998 255.49906050000001 250.49906064149999
-10.765597 -1714.4369999999999 18.312000000000001 -2.875 4.3400000000000007 0.18000000000000682 -327.54999999999995 261.30176499999999 256.30176475000002 261.17013800000001 256.17013800000001 274.29409199999998 269.29409184999997 256.12133799999998 251.12133825000001
-10.824807 -1714.8119999999999 19.75 -1.25 -324.37 0.050000000000011369 -327.03999999999996 262.72653100000002 257.72653124999999 259.82815349999998 254.82815357000001 274.77023650000001 269.77023650000001 256.95363700000001 251.95363696000001
-10.883881 -1715.3119999999999 1.1870000000000001 0.75 -325.79000000000002 -0.12000000000000455 -0.1899999999999995 264.19631750000002 259.19631755 258.5924 253.59240002000001 274.98889400000002 269.98889405 257.96673449999997 252.96673473000001
-10.943049 -1715.9369999999999 -8.9380000000000006 -2037.3119999999999 -0.16 328.50999999999999 -327.58999999999997 265.68190449999997 260.68190449999997 257.492096 252.49209579500001 274.92454650000002 269.92454674999999 259.13140950000002 254.131409515
-11.002517 28.0 -11.875 -2042.625 -2.02 328.02999999999997 -0.029999999999999361 267.15407549999998 262.15407540000001 256.55645950000002 251.55645932499999 274.58680149999998 269.58680164999998 260.41843949999998 255.41843929999999
-11.061436 28.937000000000012 -19.937999999999999 8.75 -3.3500000000000001 327.43000000000001 0.95000000000000107 268.58361600000001 263.58361595000002 255.81470899999999 250.81470905 274.00467200000003 269.00467220000002 261.79860200000002 256.79860194999998
-11.127265 29.5 2016.6869999999999 -2036.0619999999999 323.78999999999996 328.19 -0.50999999999999979 269.94131199999998 264.94131205000002 255.2960635 250.29606341900001 273.20737600000001 268.20737604999999 263.24267550000002 258.24267555
-11.186964 29.437000000000012 -26.937999999999999 -2035.375 -3.2000000000000002 328.08999999999997 -0.25 271.19794949999999 266.19794960000002 255.029741 250.029740863 272.224131 267.22413104999998 264.72143799999998 259.72143799999998
-11.245559 28.812000000000012 2032.1869999999999 -2038.75 326.34999999999997 0.99000000000000909 -327.52999999999997 272.32431450000001 267.32431444999997 255.0433625 250.04336254565001 271.08415500000001 266.08415480000002 266.2056675 261.20566769999999
-11.304635 28.437000000000012 3.1870000000000003 -1.375 0.26000000000000001 0.089999999999974989 -327.49000000000001 273.29119250000002 268.29119250000002 255.33485400000001 250.33485410450001 269.816665 264.81666510000002 267.66614600000003 262.66614625
-11.36361 28.875 1.125 -2043.3119999999999 1.47 328.10000000000002 1.3100000000000005 274.06936949999999 269.06936965 255.8758995 250.87589955999999 268.45087949999999 263.45087960000001 269.07365649999997 264.07365664999998
-11.423828 29.75 0.75 -2044.5 1.5399999999999998 328.32999999999998 1.2599999999999998 274.62963150000002 269.62963174999999 256.63727999999998 251.63727976000001 267.01601599999998 262.01601605000002 270.39898199999999 265.39898195000001
-11.484174 30.875 -2041.8130000000001 -2044.5619999999999 1.1199999999999999 328.38 1.3200000000000003 274.94276450000001 269.9427647 257.58977549999997 252.589775535 265.541292 260.54129219999999 271.61290500000001 266.61290509999998
-11.54406 -1721.125 -2043.25 -2043.9369999999999 -326.88 326.98000000000002 -327.58999999999997 274.98004950000001 269.98004965000001 258.70416749999998 253.704167735 264.055926 259.05592575000003 272.68620900000002 267.68620915000002
-11.603459 -1722.3119999999999 -2043.5 -2043.75 -326.91000000000003 326.94999999999999 -327.57999999999998 274.73585100000003 269.7358509 259.95123699999999 254.95123719 262.589135 257.58913489999998 273.58967699999999 268.58967704999998
-11.662002 34.187000000000012 5.5 -2044.9369999999999 0.94000000000000006 328.43000000000001 1.3300000000000001 274.236943 269.23694319999998 261.30176499999999 256.30176475000002 261.17013800000001 256.17013800000001 274.29409199999998 269.29409184999997
-11.72341 -1723.3119999999999 -2041.125 -2046.4369999999999 1.1699999999999999 328.68000000000001 1.25 273.51253000000003 268.51252994999999 262.72653100000002 257.72653124999999 259.82815349999998 254.82815357000001 274.77023650000001 269.77023650000001
-11.78724 -1723.1869999999999 -2041.0 -2046.8119999999999 1.1899999999999999 -0.22000000000002728 -0.039999999999999147 272.5918145 267.59181445000002 264.19631750000002 259.19631755 258.5924 253.59240002000001 274.98889400000002 269.98889405
-11.845669 -1723.0 -2042.1880000000001 0.75 1.0299999999999998 -0.27999999999997272 -0.0099999999999997868 271.50400000000002 266.50400000000002 265.68190449999997 260.68190449999997 257.492096 252.49209579500001 274.92454650000002 269.92454674999999
-11.904222 -1723.3119999999999 -2043.3130000000001 -1.1869999999998981 -326.89000000000004 0.18000000000000682 -0.089999999999999858 270.27828999999997 265.2782899 267.15407549999998 262.15407540000001 256.55645950000002 251.55645932499999 274.58680149999998 269.58680164999998
-11.962757 34.187000000000012 3.9370000000000003 -2047.4369999999999 0.67000000000000004 328.86000000000001 1.2699999999999996 268.94388750000002 263.94388739999999 268.58361600000001 263.58361595000002 255.81470899999999 250.81470905 274.00467200000003 269.00467220000002
-12.023439 34.062000000000012 -2043.75 -2045.875 0.71999999999999997 328.58999999999997 1.3200000000000003 267.52999599999998 262.52999590000002 269.94131199999998 264.94131205000002 255.2960635 250.29606341900001 273.20737600000001 268.20737604999999
-12.083774 -1723.125 -2042.9380000000001 -2044.0 0.85999999999999999 328.27999999999997 1.3600000000000012 266.06581849999998 261.06581864999998 271.19794949999999 266.19794960000002 255.029741 250.029740863 272.224131 267.22413104999998
-12.144251 -1722.5619999999999 -2042.8130000000001 -2.1869999999998981 -326.80000000000001 0.29000000000002046 -327.56 264.58055899999999 259.58055919999998 272.32431450000001 267.32431444999997 255.0433625 250.04336254565001 271.08415500000001 266.08415480000002
-12.202815 -1721.75 -2043.375 -1.25 -326.89000000000004 0.13999999999998636 -327.52999999999997 263.10344450000002 258.10344470000001 273.29119250000002 268.29119250000002 255.33485400000001 250.33485410450001 269.816665 264.81666510000002
-12.261398 32.812000000000012 4.375 -2041.4369999999999 0.73999999999999999 327.83999999999997 1.4299999999999997 261.66374400000001 256.66374400000001 274.06936949999999 269.06936965 255.8758995 250.87589955999999 268.45087949999999 263.45087960000001
-12.322152 32.937000000000012 4.5 -2042.0 0.77000000000000002 327.94 1.4199999999999999 260.2907305 255.29073025 274.62963150000002 269.62963174999999 256.63727999999998 251.63727976000001 267.01601599999998 262.01601605000002
-12.382801 32.75 4.8120000000000003 -2043.1869999999999 0.82000000000000006 328.13999999999999 1.3900000000000006 259.01367700000003 254.01367677499999 274.94276450000001 269.9427647 257.58977549999997 252.589775535 265.541292 260.54129219999999
-12.444887 -1721.5619999999999 -2043.1880000000001 -2044.75 -326.86000000000001 327.13 -327.60999999999996 257.86185649999999 252.8618567 274.98004950000001 269.98004965000001 258.70416749999998 253.704167735 264.055926 259.05592575000003
-12.503442 -1721.6869999999999 -2043.75 -2045.0 -326.96000000000004 327.17000000000002 -327.60999999999996 256.86454350000002 251.86454326 274.73585100000003 269.7358509 259.95123699999999 254.95123719 262.589135 257.58913489999998
-12.562025 32.812000000000012 3.5 -2044.8119999999999 0.59999999999999998 328.42000000000002 1.3600000000000012 256.05100950000002 251.05100965 274.236943 269.23694319999998 261.30176499999999 256.30176475000002 261.17013800000001 256.17013800000001
-12.622846 32.75 3.1870000000000003 -2045.0619999999999 0.54000000000000004 328.45999999999998 1.3600000000000012 255.45052899999999 250.45052908599999 273.51253000000003 268.51252994999999 262.72653100000002 257.72653124999999 259.82815349999998 254.82815357000001
-12.683604 32.812000000000012 3.125 -2044.25 0.53000000000000003 328.31999999999999 1.3800000000000008 255.092375 250.09237477299999 272.5918145 267.59181445000002 264.19631750000002 259.19631755 258.5924 253.59240002000001
-12.744323 -1721.6869999999999 3.125 -3.0 0.53000000000000003 326.82999999999998 -327.53999999999996 255.00574900000001 250.00574883835 271.50400000000002 266.50400000000002 265.68190449999997 260.68190449999997 257.492096 252.49209579500001
-12.80624 -1721.5619999999999 3.6870000000000003 -1.875 -327.05000000000001 0.24000000000000909 -327.52999999999997 255.20349849999999 250.20349849999999 270.27828999999997 265.2782899 267.15407549999998 262.15407540000001 256.55645950000002 251.55645932499999
-12.864931 32.562000000000012 -2043.5 -1.0619999999998981 0.77000000000000002 327.77999999999997 1.4400000000000013 255.6613285 250.66132832 268.94388750000002 263.94388739999999 268.58361600000001 263.58361595000002 255.81470899999999 250.81470905
-12.925329 -1721.3119999999999 -2042.75 -1.3119999999998981 0.90000000000000002 327.81999999999999 1.4199999999999999 256.34981449999998 251.34981447999999 267.52999599999998 262.52999590000002 269.94131199999998 264.94131205000002 255.2960635 250.29606341900001
-12.985599 -1720.875 -2042.375 -2043.625 0.96000000000000008 328.20999999999998 1.3600000000000012 257.23953299999999 252.23953316000001 266.06581849999998 261.06581864999998 271.19794949999999 266.19794960000002 255.029741 250.029740863
-13.045854 -1721.125 -2042.3130000000001 -2045.0 -326.71000000000004 327.17000000000002 0.040000000000000924 258.30106050000001 253.301060535 264.58055899999999 259.58055919999998 272.32431450000001 267.32431444999997 255.0433625 250.04336254565001
-13.104324 -1722.375 -2041.875 -2044.375 -326.64000000000004 327.05000000000001 -327.63 259.50497300000001 254.50497279499999 263.10344450000002 258.10344470000001 273.29119250000002 268.29119250000002 255.33485400000001 250.33485410450001
-13.162837 35.312000000000012 6.75 -2042.875 1.1499999999999999 328.07999999999998 1.3600000000000012 260.82184599999999 255.82184609999999 261.66374400000001 256.66374400000001 274.06936949999999 269.06936965 255.8758995 250.87589955999999
-13.223607 36.812000000000012 7.375 -2041.0619999999999 1.26 327.77999999999997 1.3800000000000008 262.22225650000001 257.22225665000002 260.2907305 255.29073025 274.62963150000002 269.62963174999999 256.63727999999998 251.63727976000001
-13.28442 37.312000000000012 8.125 -2039.5619999999999 1.3899999999999999 327.52999999999997 1.3900000000000006 263.67678050000001 258.67678065000001 259.01367700000003 254.01367677499999 274.94276450000001 269.9427647 257.58977549999997 252.589775535
-13.345359 36.062000000000012 0.875 -2046.875 1.51 -0.27999999999997272 -327.57999999999998 265.15599450000002 260.15599444999998 257.86185649999999 252.8618567 274.98004950000001 269.98004965000001 258.70416749999998 253.704167735
-13.404028 -1721.0 1.0 -2.0 1.5299999999999998 0.25 0.040000000000000924 266.63069250000001 261.6306927 256.86454350000002 251.86454326 274.73585100000003 269.7358509 259.95123699999999 254.95123719
-13.462567 27.0 8.5619999999999994 -2043.5619999999999 1.46 326.91000000000003 1.3000000000000007 268.07230900000002 263.07230900000002 256.05100950000002 251.05100965 274.236943 269.23694319999998 261.30176499999999 256.30176475000002
-13.522614 23.062000000000012 7.8750000000000009 -2044.4369999999999 1.3399999999999999 327.06 1.2900000000000009 269.45239300000003 264.45239305000001 255.45052899999999 250.45052908599999 273.51253000000003 268.51252994999999 262.72653100000002 257.72653124999999
-13.582607 21.125 7.375 -2044.25 1.26 327.04000000000002 0.030000000000001137 270.74249450000002 265.74249465000003 255.092375 250.09237477299999 272.5918145 267.59181445000002 264.19631750000002 259.19631755
-13.642379 21.75 -0.37499999999999994 -2044.3119999999999 1.2899999999999998 327.04000000000002 0.019999999999999574 271.91416349999997 266.91416349999997 255.00574900000001 250.00574883835 271.50400000000002 266.50400000000002 265.68190449999997 260.68190449999997
-13.700852 -1713.9369999999999 1.8750000000000002 -2043.4369999999999 1.6699999999999999 326.88999999999999 -0.019999999999999574 272.93894949999998 267.93894945 255.20349849999999 250.20349849999999 270.27828999999997 265.2782899 267.15407549999998 262.15407540000001
-13.759452 29.062000000000012 -2041.8130000000001 -2.3119999999998981 -325.28000000000003 0.26999999999998181 -0.15000000000000036 274.49310100000002 269.49310094999998 255.6613285 250.66132832 268.94388750000002 263.94388739999999 268.58361600000001 263.58361595000002
-13.845946 24.437000000000012 19.0 -2040.375 4.4700000000000006 327.61000000000001 0.91999999999999993 274.8798395 269.87983974999997 256.34981449999998 251.34981447999999 267.52999599999998 262.52999590000002 269.94131199999998 264.94131205000002
-13.945219 24.125 18.625 -2038.1869999999999 3.1299999999999999 327.25999999999999 0.97000000000000064 274.99901 269.99900984999999 257.23953299999999 252.23953316000001 266.06581849999998 261.06581864999998 271.19794949999999 266.19794960000002
-14.042753 29.812000000000012 12.436999999999999 -2036.75 2.1000000000000001 327.04000000000002 1.2800000000000011 274.83372800000001 269.83372800000001 258.30106050000001 253.301060535 264.58055899999999 259.58055919999998 272.32431450000001 267.32431444999997
-14.140347 28.562000000000012 1.6250000000000002 -2036.9369999999999 1.5599999999999998 327.07999999999998 1.5199999999999996 274.40555499999999 269.40555510000002 259.50497300000001 254.50497279499999 263.10344450000002 258.10344470000001 273.29119250000002 268.29119250000002
-14.238061 30.562000000000012 -1.6879999999999999 -2038.1869999999999 -0.33999999999999997 327.27999999999997 1.5099999999999998 273.74365399999999 268.74365404999998 260.82184599999999 255.82184609999999 261.66374400000001 256.66374400000001 274.06936949999999 269.06936965
-14.336659 33.75 4.8120000000000003 -2039.125 0.82000000000000006 327.45999999999998 1.4600000000000009 272.87718799999999 267.87718784999998 262.22225650000001 257.22225665000002 260.2907305 255.29073025 274.62963150000002 269.62963174999999
-14.435973 26.687000000000012 13.5 -2037.0 2.2799999999999998 327.07999999999998 1.2300000000000004 271.83531950000003 266.83531944999999 263.67678050000001 258.67678065000001 259.01367700000003 254.01367677499999 274.94276450000001 269.9427647
-14.535078 26.0 18.0 -2031.9369999999999 3.02 326.25 1.0099999999999998 270.64721200000002 265.64721179999998 265.15599450000002 260.15599444999998 257.86185649999999 252.8618567 274.98004950000001 269.98004965000001
-14.635347 26.312000000000012 20.812000000000001 -2025.25 4.75 325.19999999999999 0.72000000000000064 269.34202800000003 264.34202779999998 266.63069250000001 261.6306927 256.86454350000002 251.86454326 274.73585100000003 269.7358509
-14.738729 28.5 22.625 -2023.0 3.75 324.82999999999998 0.54000000000000092 267.94893050000002 262.94893044999998 268.07230900000002 263.07230900000002 256.05100950000002 251.05100965 274.236943 269.23694319999998
-14.844314 39.75 21.75 -2030.8119999999999 4.9000000000000004 326.07999999999998 0.76999999999999957 266.49708249999998 261.49708270000002 269.45239300000003 264.45239305000001 255.45052899999999 250.45052908599999 273.51253000000003 268.51252994999999
-14.941585 40.562000000000012 18.0 -2042.9369999999999 4.3000000000000007 328.02999999999997 0.92999999999999972 265.0156475 260.01564745000002 270.74249450000002 265.74249465000003 255.092375 250.09237477299999 272.5918145 267.59181445000002
-15.038857 30.937000000000012 12.875 -2048.9369999999999 2.1799999999999997 329.05000000000001 0.98000000000000043 263.53379899999999 258.53379905000003 271.91416349999997 266.91416349999997 255.00574900000001 250.00574883835 271.50400000000002 266.50400000000002
-15.136989 35.625 5.1870000000000003 -2048.9369999999999 2.1699999999999999 329.10000000000002 1.1900000000000013 262.080758 257.08075819999999 272.93894949999998 267.93894945 255.20349849999999 250.20349849999999 270.27828999999997 265.2782899
-15.236041 29.25 -3.9379999999999997 -2048.3119999999999 -0.66999999999999993 329.0 1.25 260.68575800000002 255.6857578 274.49310100000002 269.49310094999998 255.6613285 250.66132832 268.94388750000002 263.94388739999999
-15.33477 25.312000000000012 -9.125 -2048.375 -0.28000000000000003 329.0 1.1600000000000001 259.37803050000002 254.37803073000001 274.8798395 269.87983974999997 256.34981449999998 251.34981447999999 267.52999599999998 262.52999590000002
-15.434526 24.187000000000012 -4.9379999999999997 -2049.75 -0.84999999999999998 329.23000000000002 1.1799999999999997 258.18680999999998 253.186809815 274.99901 269.99900984999999 257.23953299999999 252.23953316000001 266.06581849999998 261.06581864999998
-15.532438 47.5 3.8120000000000003 -2052.6869999999999 1.9299999999999997 329.72000000000003 1.0400000000000009 257.14132799999999 252.14132791500001 274.83372800000001 269.83372800000001 258.30106050000001 253.301060535 264.58055899999999 259.58055919999998
-15.629802 52.375 6.9370000000000003 -2054.3119999999999 1.1799999999999999 329.97000000000003 0.90000000000000036 256.27081800000002 251.27081787500001 274.40555499999999 269.40555510000002 259.50497300000001 254.50497279499999 263.10344450000002 258.10344470000001
-15.728151 41.25 5.0 -2052.375 2.1400000000000001 329.66000000000003 1.0400000000000009 255.6045125 250.60451255500001 273.74365399999999 268.74365404999998 260.82184599999999 255.82184609999999 261.66374400000001 256.66374400000001
-15.826741 29.937000000000012 2.6870000000000003 -2050.3119999999999 1.74 329.32999999999998 1.1699999999999999 255.17164500000001 250.17164479900001 272.87718799999999 267.87718784999998 262.22225650000001 257.22225665000002 260.2907305 255.29073025
-15.938076 24.0 2.9370000000000003 -2050.625 1.7799999999999998 329.38999999999999 1.1500000000000004 255.00144750000001 250.00144746262501 271.83531950000003 266.83531944999999 263.67678050000001 258.67678065000001 259.01367700000003 254.01367677499999
-16.036716 41.187000000000012 6.6870000000000003 -2051.4369999999999 2.4199999999999999 329.5 1.0500000000000007 255.11602600000001 250.116026178 270.64721200000002 265.64721179999998 265.15599450000002 260.15599444999998 257.86185649999999 252.8618567
-16.134748 40.312000000000012 10.0 -2051.5619999999999 1.7 329.49000000000001 0.96000000000000085 255.49906050000001 250.49906064149999 269.34202800000003 264.34202779999998 266.63069250000001 261.6306927 256.86454350000002 251.86454326
-16.231631 45.125 8.125 -2052.0 1.45 329.57999999999998 0.98000000000000043 256.12133799999998 251.12133825000001 267.94893050000002 262.94893044999998 268.07230900000002 263.07230900000002 256.05100950000002 251.05100965
-16.329284 27.0 3.375 -2051.5 1.8499999999999999 329.52999999999997 1.0999999999999996 256.95363700000001 251.95363696000001 266.49708249999998 261.49708270000002 269.45239300000003 264.45239305000001 255.45052899999999 250.45052908599999
-16.427873 27.5 1.1870000000000001 -2051.25 0.19999999999999998 329.49000000000001 1.1300000000000008 257.96673449999997 252.96673473000001 265.0156475 260.01564745000002 270.74249450000002 265.74249465000003 255.092375 250.09237477299999
-16.526372 30.25 1.6870000000000001 -2051.8119999999999 1.5699999999999998 329.58999999999997 1.0999999999999996 259.13140950000002 254.131409515 263.53379899999999 258.53379905000003 271.91416349999997 266.91416349999997 255.00574900000001 250.00574883835
-16.623813 29.75 2.6870000000000003 -2052.4369999999999 0.43000000000000005 329.69 1.0600000000000005 260.41843949999998 255.41843929999999 262.080758 257.08075819999999 272.93894949999998 267.93894945 255.20349849999999 250.20349849999999
-16.72098 42.75 4.4370000000000003 -2052.4369999999999 2.0299999999999998 329.68000000000001 1.0400000000000009 261.79860200000002 256.79860194999998 260.68575800000002 255.6857578 274.49310100000002 269.49310094999998 255.6613285 250.66132832
-16.819277 42.75 5.9370000000000003 -2052.4369999999999 2.29 329.67000000000002 1.0199999999999996 263.24267550000002 258.24267555 259.37803050000002 254.37803073000001 274.8798395 269.87983974999997 256.34981449999998 251.34981447999999
-16.917832 30.812000000000012 4.75 -2052.5619999999999 2.0899999999999999 329.69999999999999 1.0300000000000011 264.72143799999998 259.72143799999998 258.18680999999998 253.186809815 274.99901 269.99900984999999 257.23953299999999 252.23953316000001
-17.020563 25.687000000000012 2.0 -2052.6869999999999 1.6199999999999999 329.72000000000003 1.0600000000000005 266.2056675 261.20566769999999 257.14132799999999 252.14132791500001 274.83372800000001 269.83372800000001 258.30106050000001 253.301060535
-17.120354 26.562000000000012 1.25 -2052.625 1.49 329.72000000000003 1.0700000000000003 267.66614600000003 262.66614625 256.27081800000002 251.27081787500001 274.40555499999999 269.40555510000002 259.50497300000001 254.50497279499999
-17.220974 40.75 6.75 -2052.0619999999999 2.4199999999999999 329.61000000000001 1.0199999999999996 269.07365649999997 264.07365664999998 255.6045125 250.60451255500001 273.74365399999999 268.74365404999998 260.82184599999999 255.82184609999999
-17.321466 45.062000000000012 14.186999999999999 -2052.125 2.3999999999999999 329.54000000000002 0.78000000000000114 270.39898199999999 265.39898195000001 255.17164500000001 250.17164479900001 272.87718799999999 267.87718784999998 262.22225650000001 257.22225665000002
-17.42147 40.062000000000012 12.125 -2052.3119999999999 2.0600000000000001 329.58999999999997 0.86000000000000121 271.61290500000001 266.61290509999998 255.00144750000001 250.00144746262501 271.83531950000003 266.83531944999999 263.67678050000001 258.67678065000001
-17.523063 33.062000000000012 5.375 -2052.25 0.92000000000000004 329.63999999999999 1.0400000000000009 272.68620900000002 267.68620915000002 255.11602600000001 250.116026178 270.64721200000002 265.64721179999998 265.15599450000002 260.15599444999998
-17.62249 31.812000000000012 3.3120000000000003 -2052.5 0.56000000000000005 329.69 1.0600000000000005 273.58967699999999 268.58967704999998 255.49906050000001 250.49906064149999 269.34202800000003 264.34202779999998 266.63069250000001 261.6306927
-17.722542 25.062000000000012 3.6870000000000003 -2052.375 1.9099999999999997 329.67000000000002 1.0600000000000005 274.29409199999998 269.29409184999997 256.12133799999998 251.12133825000001 267.94893050000002 262.94893044999998 268.07230900000002 263.07230900000002
-17.822455 32.625 4.75 -2052.125 0.81000000000000005 329.62 1.0500000000000007 274.77023650000001 269.77023650000001 256.95363700000001 251.95363696000001 266.49708249999998 261.49708270000002 269.45239300000003 264.45239305000001
-17.922448 26.125 2.375 -2052.0619999999999 1.6799999999999999 329.63 1.0800000000000001 274.98889400000002 269.98889405 257.96673449999997 252.96673473000001 265.0156475 260.01564745000002 270.74249450000002 265.74249465000003
-18.02243 34.75 -5.875 -2052.875 -1.01 329.74000000000001 1.0199999999999996 274.92454650000002 269.92454674999999 259.13140950000002 254.131409515 263.53379899999999 258.53379905000003 271.91416349999997 266.91416349999997
-18.109471 31.375 -12.25 -2053.5 325.58999999999997 331.07999999999998 -0.44999999999999929 274.58680149999998 269.58680164999998 260.41843949999998 255.41843929999999 262.080758 257.08075819999999 272.93894949999998 267.93894945
-18.168827 31.062000000000012 -10.563000000000001 -2053.375 -1.8 331.06999999999999 -0.38999999999999968 274.00467200000003 269.00467220000002 261.79860200000002 256.79860194999998 260.68575800000002 255.6857578 274.49310100000002 269.49310094999998
-18.228161 31.25 2033.5 -2052.9369999999999 326.56 331.02999999999997 -0.27999999999999936 273.20737600000001 268.20737604999999 263.24267550000002 258.24267555 259.37803050000002 254.37803073000001 274.8798395 269.87983974999997
-18.286697 30.812000000000012 -10.5 -2052.5 -0.54000000000000004 329.69999999999999 -0.21899999999999942 272.224131 267.22413104999998 264.72143799999998 259.72143799999998 258.18680999999998 253.186809815 274.99901 269.99900984999999
-18.346598 31.0 -0.18799999999999994 -2060.4369999999999 -0.080000000000000002 329.69 -0.19999999999999929 271.08415500000001 266.08415480000002 266.2056675 261.20566769999999 257.14132799999999 252.14132791500001 274.83372800000001 269.83372800000001
-18.406104 31.0 0.062000000000000055 -2052.4369999999999 0.009999999999999995 329.69 -0.19999999999999929 269.816665 264.81666510000002 267.66614600000003 262.66614625 256.27081800000002 251.27081787500001 274.40555499999999 269.40555510000002
-18.466298 30.625 -0.12499999999999994 -2052.5619999999999 -0.029999999999999999 329.70999999999998 -0.20899999999999963 268.45087949999999 263.45087960000001 269.07365649999997 264.07365664999998 255.6045125 250.60451255500001 273.74365399999999 268.74365404999998
-18.525943 30.75 0.43700000000000006 -2060.6869999999999 0.049999999999999989 329.72000000000003 1.0700000000000003 267.01601599999998 262.01601605000002 270.39898199999999 265.39898195000001 255.17164500000001 250.17164479900001 272.87718799999999 267.87718784999998
-18.585826 30.812000000000012 1.375 -2060.6869999999999 0.19999999999999998 329.73000000000002 1.0600000000000005 265.541292 260.54129219999999 271.61290500000001 266.61290509999998 255.00144750000001 250.00144746262501 271.83531950000003 266.83531944999999
-18.64638 30.812000000000012 2.3120000000000003 -2060.625 0.37 329.72000000000003 1.0600000000000005 264.055926 259.05592575000003 272.68620900000002 267.68620915000002 255.11602600000001 250.116026178 270.64721200000002 265.64721179999998
-18.706341 30.687000000000012 2.9370000000000003 -2060.5 0.5 329.69 -0.21899999999999942 262.589135 257.58913489999998 273.58967699999999 268.58967704999998 255.49906050000001 250.49906064149999 269.34202800000003 264.34202779999998
-18.765597 30.625 -2044.375 -2060.4369999999999 -327.06 329.68000000000001 -0.21899999999999942 261.17013800000001 256.17013800000001 274.29409199999998 269.29409184999997 256.12133799999998 251.12133825000001 267.94893050000002 262.94893044999998
-18.852152 30.25 4.8120000000000003 -2052.3119999999999 2.1000000000000001 329.64999999999998 1.0400000000000009 259.82815349999998 254.82815357000001 274.77023650000001 269.77023650000001 256.95363700000001 251.95363696000001 266.49708249999998 261.49708270000002
-18.950401 29.687000000000012 5.75 -2052.125 2.2599999999999998 329.62 1.0400000000000009 258.5924 253.59240002000001 274.98889400000002 269.98889405 257.96673449999997 252.96673473000001 265.0156475 260.01564745000002
-19.048646 29.937000000000012 5.6870000000000003 -2052.1869999999999 2.25 329.63 1.0300000000000011 257.492096 252.49209579500001 274.92454650000002 269.92454674999999 259.13140950000002 254.131409515 263.53379899999999 258.53379905000003
-19.15166 29.812000000000012 5.4370000000000003 -2052.25 2.21 329.63999999999999 1.0400000000000009 256.55645950000002 251.55645932499999 274.58680149999998 269.58680164999998 260.41843949999998 255.41843929999999 262.080758 257.08075819999999
-19.248742 29.687000000000012 5.5 -2052.25 0.93000000000000005 329.63999999999999 1.0400000000000009 255.81470899999999 250.81470905 274.00467200000003 269.00467220000002 261.79860200000002 256.79860194999998 260.68575800000002 255.6857578
-19.34683 29.937000000000012 5.8120000000000003 -2052.25 2.2599999999999998 329.63999999999999 1.0300000000000011 255.2960635 250.29606341900001 273.20737600000001 268.20737604999999 263.24267550000002 258.24267555 259.37803050000002 254.37803073000001
-19.445815 29.75 6.125 -2052.125 1.0499999999999998 329.62 1.0300000000000011 255.029741 250.029740863 272.224131 267.22413104999998 264.72143799999998 259.72143799999998 258.18680999999998 253.186809815
-19.545135 30.125 5.5620000000000003 -2052.25 2.23 329.63999999999999 1.0400000000000009 255.0433625 250.04336254565001 271.08415500000001 266.08415480000002 266.2056675 261.20566769999999 257.14132799999999 252.14132791500001
-19.644443 30.437000000000012 4.25 -2052.625 2.0 329.70999999999998 1.0400000000000009 255.33485400000001 250.33485410450001 269.816665 264.81666510000002 267.66614600000003 262.66614625 256.27081800000002 251.27081787500001
-19.74363 30.937000000000012 3.125 -2052.875 1.8099999999999998 329.75 1.0400000000000009 255.8758995 250.87589955999999 268.45087949999999 263.45087960000001 269.07365649999997 264.07365664999998 255.6045125 250.60451255500001
-19.841879 24.125 1.8120000000000001 -2053.0 1.5899999999999999 329.76999999999998 1.0400000000000009 256.63727999999998 251.63727976000001 267.01601599999998 262.01601605000002 270.39898199999999 265.39898195000001 255.17164500000001 250.17164479900001
-19.941051 26.312000000000012 0.18700000000000006 -2053.75 1.3099999999999998 329.91000000000003 1.0099999999999998 257.58977549999997 252.589775535 265.541292 260.54129219999999 271.61290500000001 266.61290509999998 255.00144750000001 250.00144746262501
-20.038342 25.562000000000012 3.5620000000000003 -2051.9369999999999 1.8299999999999998 329.61000000000001 1.0800000000000001 258.70416749999998 253.704167735 264.055926 259.05592575000003 272.68620900000002 267.68620915000002 255.11602600000001 250.116026178
-20.143921 24.187000000000012 2.75 -2051.3119999999999 1.74 329.5 1.120000000000001 259.95123699999999 254.95123719 262.589135 257.58913489999998 273.58967699999999 268.58967704999998 255.49906050000001 250.49906064149999
-20.243678 22.125 -0.56299999999999994 -2051.6869999999999 -0.11 329.56999999999999 1.120000000000001 261.30176499999999 256.30176475000002 261.17013800000001 256.17013800000001 274.29409199999998 269.29409184999997 256.12133799999998 251.12133825000001
-20.342635 24.687000000000012 3.4370000000000003 -2052.375 1.8699999999999999 329.68000000000001 1.0600000000000005 262.72653100000002 257.72653124999999 259.82815349999998 254.82815357000001 274.77023650000001 269.77023650000001 256.95363700000001 251.95363696000001
-20.441726 40.812000000000012 7.375 -2051.8119999999999 1.25 329.56 1.0199999999999996 264.19631750000002 259.19631755 258.5924 253.59240002000001 274.98889400000002 269.98889405 257.96673449999997 252.96673473000001
-20.539951 27.687000000000012 7.0 -2050.875 1.22 329.43000000000001 1.0600000000000005 265.68190449999997 260.68190449999997 257.492096 252.49209579500001 274.92454650000002 269.92454674999999 259.13140950000002 254.131409515
-20.638387 23.687000000000012 5.0620000000000003 -2051.125 0.85999999999999999 329.45999999999998 1.0999999999999996 267.15407549999998 262.15407540000001 256.55645950000002 251.55645932499999 274.58680149999998 269.58680164999998 260.41843949999998 255.41843929999999
-20.737937 13.75 1.5620000000000001 -2051.25 1.5399999999999998 329.5 1.1300000000000008 268.58361600000001 263.58361595000002 255.81470899999999 250.81470905 274.00467200000003 269.00467220000002 261.79860200000002 256.79860194999998
-20.837531 29.375 0.375 -2052.75 1.3499999999999999 329.74000000000001 1.0600000000000005 269.94131199999998 264.94131205000002 255.2960635 250.29606341900001 273.20737600000001 268.20737604999999 263.24267550000002 258.24267555
-20.937577 28.937000000000012 2.0 -2053.1869999999999 1.6199999999999999 329.81 1.0300000000000011 271.19794949999999 266.19794960000002 255.029741 250.029740863 272.224131 267.22413104999998 264.72143799999998 259.72143799999998
-21.037654 25.375 2.9370000000000003 -2052.3119999999999 1.77 329.66000000000003 1.0700000000000003 272.32431450000001 267.32431444999997 255.0433625 250.04336254565001 271.08415500000001 266.08415480000002 266.2056675 261.20566769999999
-21.137177 24.062000000000012 4.75 -2052.0 0.81000000000000005 329.61000000000001 1.0600000000000005 273.29119250000002 268.29119250000002 255.33485400000001 250.33485410450001 269.816665 264.81666510000002 267.66614600000003 262.66614625
-21.239519 12.687000000000012 3.625 -2051.75 1.8999999999999999 329.56999999999999 1.0899999999999999 274.06936949999999 269.06936965 255.8758995 250.87589955999999 268.45087949999999 263.45087960000001 269.07365649999997 264.07365664999998
-21.344732 26.562000000000012 3.75 -2052.625 1.9199999999999999 329.72000000000003 1.0400000000000009 274.62963150000002 269.62963174999999 256.63727999999998 251.63727976000001 267.01601599999998 262.01601605000002 270.39898199999999 265.39898195000001
-21.443824 25.437000000000012 5.9370000000000003 -2052.4369999999999 2.29 329.67000000000002 1.0199999999999996 274.94276450000001 269.9427647 257.58977549999997 252.589775535 265.541292 260.54129219999999 271.61290500000001 266.61290509999998
-21.541777 26.562000000000012 6.3120000000000003 -2052.0 1.0599999999999998 329.60000000000002 1.0300000000000011 274.98004950000001 269.98004965000001 258.70416749999998 253.704167735 264.055926 259.05592575000003 272.68620900000002 267.68620915000002
-21.640726 34.062000000000012 6.6870000000000003 -2051.1869999999999 2.4199999999999999 329.45999999999998 1.0600000000000005 274.73585100000003 269.7358509 259.95123699999999 254.95123719 262.589135 257.58913489999998 273.58967699999999 268.58967704999998
-21.739659 33.5 4.625 -2047.625 0.78000000000000003 328.88 1.25 274.236943 269.23694319999998 261.30176499999999 256.30176475000002 261.17013800000001 256.17013800000001 274.29409199999998 269.29409184999997
-21.839175 33.812000000000012 5.625 -2042.9369999999999 0.96000000000000008 328.10000000000002 1.3800000000000008 273.51253000000003 268.51252994999999 262.72653100000002 257.72653124999999 259.82815349999998 254.82815357000001 274.77023650000001 269.77023650000001
-21.93928 26.312000000000012 5.875 -2045.625 2.2799999999999998 328.55000000000001 1.3000000000000007 272.5918145 267.59181445000002 264.19631750000002 259.19631755 258.5924 253.59240002000001 274.98889400000002 269.98889405
-22.039349 33.937000000000012 4.6870000000000003 -2049.3119999999999 2.0800000000000001 329.17000000000002 1.1799999999999997 271.50400000000002 266.50400000000002 265.68190449999997 260.68190449999997 257.492096 252.49209579500001 274.92454650000002 269.92454674999999
-22.138921 33.625 4.1870000000000003 -2050.625 1.9899999999999998 329.38 1.1400000000000006 270.27828999999997 265.2782899 267.15407549999998 262.15407540000001 256.55645950000002 251.55645932499999 274.58680149999998 269.58680164999998
-22.238956 25.75 4.8120000000000003 -2050.75 2.1000000000000001 329.39999999999998 1.120000000000001 268.94388750000002 263.94388739999999 268.58361600000001 263.58361595000002 255.81470899999999 250.81470905 274.00467200000003 269.00467220000002
-22.34246 25.875 5.375 -2049.125 2.1999999999999997 329.16000000000003 1.1799999999999997 267.52999599999998 262.52999590000002 269.94131199999998 264.94131205000002 255.2960635 250.29606341900001 273.20737600000001 268.20737604999999
-22.440529 25.875 4.75 -2048.875 2.0899999999999999 329.10000000000002 1.2000000000000011 266.06581849999998 261.06581864999998 271.19794949999999 266.19794960000002 255.029741 250.029740863 272.224131 267.22413104999998
-22.54009 25.25 3.625 -2050.0619999999999 1.8899999999999999 329.29000000000002 1.1699999999999999 264.58055899999999 259.58055919999998 272.32431450000001 267.32431444999997 255.0433625 250.04336254565001 271.08415500000001 266.08415480000002
-22.639385 32.75 4.0620000000000003 -2050.8119999999999 0.69000000000000006 329.41000000000003 1.1300000000000008 263.10344450000002 258.10344470000001 273.29119250000002 268.29119250000002 255.33485400000001 250.33485410450001 269.816665 264.81666510000002
-22.738733 24.875 4.9370000000000003 -2051.625 2.1200000000000001 329.54000000000002 1.0800000000000001 261.66374400000001 256.66374400000001 274.06936949999999 269.06936965 255.8758995 250.87589955999999 268.45087949999999 263.45087960000001
-22.837346 24.625 6.25 -2052.3119999999999 2.3500000000000001 329.63999999999999 1.0199999999999996 260.2907305 255.29073025 274.62963150000002 269.62963174999999 256.63727999999998 251.63727976000001 267.01601599999998 262.01601605000002
-22.937654 24.5 7.3120000000000003 -2052.375 1.24 329.64999999999998 0.99000000000000021 259.01367700000003 254.01367677499999 274.94276450000001 269.9427647 257.58977549999997 252.589775535 265.541292 260.54129219999999
-23.034988 24.812000000000012 7.0 -2052.25 1.2 329.63999999999999 1.0 257.86185649999999 252.8618567 274.98004950000001 269.98004965000001 258.70416749999998 253.704167735 264.055926 259.05592575000003
-23.132978 24.812000000000012 6.5 -2052.4369999999999 2.3900000000000001 329.66000000000003 1.0099999999999998 256.86454350000002 251.86454326 274.73585100000003 269.7358509 259.95123699999999 254.95123719 262.589135 257.58913489999998
-23.231844 24.875 6.3120000000000003 -2052.375 2.3500000000000001 329.64999999999998 1.0199999999999996 256.05100950000002 251.05100965 274.236943 269.23694319999998 261.30176499999999 256.30176475000002 261.17013800000001 256.17013800000001
-23.330185 25.687000000000012 5.75 -2052.125 2.2599999999999998 329.62 1.0400000000000009 255.45052899999999 250.45052908599999 273.51253000000003 268.51252994999999 262.72653100000002 257.72653124999999 259.82815349999998 254.82815357000001
-23.422276 -1723.1869999999999 -2043.25 -2060.125 -326.88 329.63 -0.23000000000000043 255.092375 250.09237477299999 272.5918145 267.59181445000002 264.19631750000002 259.19631755 258.5924 253.59240002000001
-23.48195 34.187000000000012 3.9370000000000003 -2052.3119999999999 0.67000000000000004 329.66000000000003 1.0600000000000005 255.00574900000001 250.00574883835 271.50400000000002 266.50400000000002 265.68190449999997 260.68190449999997 257.492096 252.49209579500001
-23.542548 34.437000000000012 3.25 -2052.125 0.55000000000000004 329.63 1.0700000000000003 255.20349849999999 250.20349849999999 270.27828999999997 265.2782899 267.15407549999998 262.15407540000001 256.55645950000002 251.55645932499999
-23.603321 34.75 2.625 -2052.0 0.45000000000000007 329.61000000000001 1.0899999999999999 255.6613285 250.66132832 268.94388750000002 263.94388739999999 268.58361600000001 263.58361595000002 255.81470899999999 250.81470905
-23.664701 -1724.0 1.8120000000000001 -2060.375 0.30999999999999994 329.67000000000002 -0.19999999999999929 256.34981449999998 251.34981447999999 267.52999599999998 262.52999590000002 269.94131199999998 264.94131205000002 255.2960635 250.29606341900001
-23.723072 -1723.8119999999999 0.43700000000000006 -2059.8119999999999 0.070000000000000007 329.58999999999997 -0.16999999999999993 257.23953299999999 252.23953316000001 266.06581849999998 261.06581864999998 271.19794949999999 266.19794960000002 255.029741 250.029740863
-23.782359 26.312000000000012 -0.625 -2050.5619999999999 -0.11 329.38999999999999 1.1699999999999999 258.30106050000001 253.301060535 264.58055899999999 259.58055919999998 272.32431450000001 267.32431444999997 255.0433625 250.04336254565001
-23.882234 34.0 -1.9379999999999999 -2046.6869999999999 -0.33000000000000002 328.74000000000001 1.3200000000000003 259.50497300000001 254.50497279499999 263.10344450000002 258.10344470000001 273.29119250000002 268.29119250000002 255.33485400000001 250.33485410450001
-23.981886 25.375 2.5 -2047.1869999999999 1.7 328.81 1.3000000000000007 260.82184599999999 255.82184609999999 261.66374400000001 256.66374400000001 274.06936949999999 269.06936965 255.8758995 250.87589955999999
-24.082102 28.437000000000012 13.75 -2049.4369999999999 2.3300000000000001 329.12 0.91999999999999993 262.22225650000001 257.22225665000002 260.2907305 255.29073025 274.62963150000002 269.62963174999999 256.63727999999998 251.63727976000001
-24.181585 30.625 22.375 -2049.3119999999999 5.0 328.99000000000001 0.47000000000000064 263.67678050000001 258.67678065000001 259.01367700000003 254.01367677499999 274.94276450000001 269.9427647 257.58977549999997 252.589775535
-24.281167 37.5 13.25 -2047.1869999999999 2.2399999999999998 328.75999999999999 1.0300000000000011 265.15599450000002 260.15599444999998 257.86185649999999 252.8618567 274.98004950000001 269.98004965000001 258.70416749999998 253.704167735
-24.380056 23.937000000000012 -3.0 -2047.75 -0.51000000000000001 328.91000000000003 1.2800000000000011 266.63069250000001 261.6306927 256.86454350000002 251.86454326 274.73585100000003 269.7358509 259.95123699999999 254.95123719
-24.481265 28.875 -2.625 -2047.875 -0.45999999999999996 328.93000000000001 1.2800000000000011 268.07230900000002 263.07230900000002 256.05100950000002 251.05100965 274.236943 269.23694319999998 261.30176499999999 256.30176475000002
-24.581572 27.0 13.561999999999999 -2049.3119999999999 2.29 329.10000000000002 0.94000000000000128 269.45239300000003 264.45239305000001 255.45052899999999 250.45052908599999 273.51253000000003 268.51252994999999 262.72653100000002 257.72653124999999
-24.680637 39.812000000000012 19.937000000000001 -2049.625 4.6200000000000001 329.06999999999999 0.61000000000000121 270.74249450000002 265.74249465000003 255.092375 250.09237477299999 272.5918145 267.59181445000002 264.19631750000002 259.19631755
-24.778969 27.75 9.9369999999999994 -2049.6869999999999 1.9299999999999997 329.16000000000003 1.0099999999999998 271.91416349999997 266.91416349999997 255.00574900000001 250.00574883835 271.50400000000002 266.50400000000002 265.68190449999997 260.68190449999997
-24.877386 29.562000000000012 -1.1879999999999999 -2050.75 -0.20000000000000001 329.41000000000003 1.1600000000000001 272.93894949999998 267.93894945 255.20349849999999 250.20349849999999 270.27828999999997 265.2782899 267.15407549999998 262.15407540000001
-24.975781 29.687000000000012 -0.56299999999999994 -2050.25 1.1799999999999999 329.32999999999998 1.1900000000000013 274.49310100000002 269.49310094999998 255.6613285 250.66132832 268.94388750000002 263.94388739999999 268.58361600000001 263.58361595000002
-25.073774 29.562000000000012 10.936999999999999 -2051.8119999999999 1.8599999999999999 329.52999999999997 0.91999999999999993 274.8798395 269.87983974999997 256.34981449999998 251.34981447999999 267.52999599999998 262.52999590000002 269.94131199999998 264.94131205000002
-25.172158 28.937000000000012 14.811999999999999 -2052.6869999999999 3.7799999999999998 329.62 0.73000000000000043 274.99901 269.99900984999999 257.23953299999999 252.23953316000001 266.06581849999998 261.06581864999998 271.19794949999999 266.19794960000002
-25.269611 28.375 5.3120000000000003 -2051.125 2.3500000000000001 329.49000000000001 1.0700000000000003 274.83372800000001 269.83372800000001 258.30106050000001 253.301060535 264.58055899999999 259.58055919999998 272.32431450000001 267.32431444999997
-25.36729 24.812000000000012 3.375 -2049.6869999999999 1.8499999999999999 329.23000000000002 1.1900000000000013 274.40555499999999 269.40555510000002 259.50497300000001 254.50497279499999 263.10344450000002 258.10344470000001 273.29119250000002 268.29119250000002
-25.464799 28.562000000000012 10.436999999999999 -2050.25 1.77 329.27999999999997 1.0099999999999998 273.74365399999999 268.74365404999998 260.82184599999999 255.82184609999999 261.66374400000001 256.66374400000001 274.06936949999999 269.06936965
-25.56951 28.875 4.6870000000000003 -2049.8119999999999 2.1999999999999997 329.27999999999997 1.1400000000000006 272.87718799999999 267.87718784999998 262.22225650000001 257.22225665000002 260.2907305 255.29073025 274.62963150000002 269.62963174999999
-25.667972 27.312000000000012 4.375 -2048.0 2.0299999999999998 328.94 1.2400000000000002 271.83531950000003 266.83531944999999 263.67678050000001 258.67678065000001 259.01367700000003 254.01367677499999 274.94276450000001 269.9427647
-25.765825 26.187000000000012 9.625 -2047.9369999999999 1.6399999999999999 328.91000000000003 1.1300000000000008 270.64721200000002 265.64721179999998 265.15599450000002 260.15599444999998 257.86185649999999 252.8618567 274.98004950000001 269.98004965000001
-25.8636 30.937000000000012 4.5620000000000003 -2047.75 2.0600000000000001 328.91000000000003 1.25 269.34202800000003 264.34202779999998 266.63069250000001 261.6306927 256.86454350000002 251.86454326 274.73585100000003 269.7358509
-25.960531 28.625 6.1870000000000003 -2047.125 0.9900000000000001 328.81 1.25 267.94893050000002 262.94893044999998 268.07230900000002 263.07230900000002 256.05100950000002 251.05100965 274.236943 269.23694319999998
-26.058641 33.562000000000012 8.125 -2046.4369999999999 1.3899999999999999 328.68000000000001 1.2200000000000006 266.49708249999998 261.49708270000002 269.45239300000003 264.45239305000001 255.45052899999999 250.45052908599999 273.51253000000003 268.51252994999999
-26.157464 27.0 7.4370000000000003 -2048.0 1.26 328.93000000000001 1.1900000000000013 265.0156475 260.01564745000002 270.74249450000002 265.74249465000003 255.092375 250.09237477299999 272.5918145 267.59181445000002
-26.257526 35.5 5.6870000000000003 -2045.3119999999999 2.25 328.49000000000001 1.3100000000000005 263.53379899999999 258.53379905000003 271.91416349999997 266.91416349999997 255.00574900000001 250.00574883835 271.50400000000002 266.50400000000002
-26.361764 25.5 6.875 -2049.6869999999999 1.1699999999999999 329.08999999999997 1.1600000000000001 262.080758 257.08075819999999 272.93894949999998 267.93894945 255.20349849999999 250.20349849999999 270.27828999999997 265.2782899
-26.462085 25.937000000000012 5.6870000000000003 -2051.5 2.2599999999999998 329.50999999999999 1.0700000000000003 260.68575800000002 255.6857578 274.49310100000002 269.49310094999998 255.6613285 250.66132832 268.94388750000002 263.94388739999999
-26.559882 33.687000000000012 5.8120000000000003 -2050.25 2.27 329.31999999999999 1.1300000000000008 259.37803050000002 254.37803073000001 274.8798395 269.87983974999997 256.34981449999998 251.34981447999999 267.52999599999998 262.52999590000002
-26.66231 26.062000000000012 4.875 -2045.875 0.84999999999999998 328.64999999999998 1.3000000000000007 258.18680999999998 253.186809815 274.99901 269.99900984999999 257.23953299999999 252.23953316000001 266.06581849999998 261.06581864999998
-26.76097 34.187000000000012 4.9370000000000003 -2044.4369999999999 2.1099999999999999 328.33999999999997 1.3600000000000012 257.14132799999999 252.14132791500001 274.83372800000001 269.83372800000001 258.30106050000001 253.301060535 264.58055899999999 259.58055919999998
-26.860173 34.25 5.625 0.31300000000010186 2.2399999999999998 328.89999999999998 1.2300000000000004 256.27081800000002 251.27081787500001 274.40555499999999 269.40555510000002 259.50497300000001 254.50497279499999 263.10344450000002 258.10344470000001
-26.959807 25.875 5.375 -2050.875 2.1899999999999999 329.42000000000002 1.0999999999999996 255.6045125 250.60451255500001 273.74365399999999 268.74365404999998 260.82184599999999 255.82184609999999 261.66374400000001 256.66374400000001
-27.05923 25.812000000000012 5.375 -2050.0619999999999 2.1999999999999997 329.29000000000002 1.1400000000000006 255.17164500000001 250.17164479900001 272.87718799999999 267.87718784999998 262.22225650000001 257.22225665000002 260.2907305 255.29073025
-27.159208 26.062000000000012 5.25 -2048.0 2.1699999999999999 328.94 1.2300000000000004 255.00144750000001 250.00144746262501 271.83531950000003 266.83531944999999 263.67678050000001 258.67678065000001 259.01367700000003 254.01367677499999
-27.258891 25.687000000000012 5.9370000000000003 -2049.75 2.29 329.24000000000001 1.1400000000000006 255.11602600000001 250.116026178 270.64721200000002 265.64721179999998 265.15599450000002 260.15599444999998 257.86185649999999 252.8618567
-27.358957 24.75 6.6870000000000003 -2050.9369999999999 2.4199999999999999 329.42000000000002 1.0800000000000001 255.49906050000001 250.49906064149999 269.34202800000003 264.34202779999998 266.63069250000001 261.6306927 256.86454350000002 251.86454326
-27.459988 23.875 7.5620000000000003 -2051.1869999999999 1.2799999999999998 329.44999999999999 1.0500000000000007 256.12133799999998 251.12133825000001 267.94893050000002 262.94893044999998 268.07230900000002 263.07230900000002 256.05100950000002 251.05100965
-27.560342 31.375 7.375 -2051.75 1.26 329.55000000000001 1.0199999999999996 256.95363700000001 251.95363696000001 266.49708249999998 261.49708270000002 269.45239300000003 264.45239305000001 255.45052899999999 250.45052908599999
-27.660604 31.187000000000012 5.4370000000000003 -2053.3119999999999 2.1999999999999997 329.81999999999999 0.98000000000000043 257.96673449999997 252.96673473000001 265.0156475 260.01564745000002 270.74249450000002 265.74249465000003 255.092375 250.09237477299999
-27.763341 31.5 3.25 -2056.4369999999999 0.57000000000000006 330.27999999999997 0.84999999999999964 259.13140950000002 254.131409515 263.53379899999999 258.53379905000003 271.91416349999997 266.91416349999997 255.00574900000001 250.00574883835
-27.862406 31.437000000000012 2.25 -2057.5 1.6599999999999999 330.5 0.76999999999999957 260.41843949999998 255.41843929999999 262.080758 257.08075819999999 272.93894949999998 267.93894945 255.20349849999999 250.20349849999999
-27.961913 23.562000000000012 2.625 -2058.1869999999999 1.72 330.60000000000002 0.72000000000000064 261.79860200000002 256.79860194999998 260.68575800000002 255.6857578 274.49310100000002 269.49310094999998 255.6613285 250.66132832
-28.061433 23.812000000000012 3.3120000000000003 -2056.0 1.8499999999999999 330.25 0.86000000000000121 263.24267550000002 258.24267555 259.37803050000002 254.37803073000001 274.8798395 269.87983974999997 256.34981449999998 251.34981447999999
-28.161861 23.812000000000012 4.125 -2052.0 1.98 329.61000000000001 1.0700000000000003 264.72143799999998 259.72143799999998 258.18680999999998 253.186809815 274.99901 269.99900984999999 257.23953299999999 252.23953316000001
-28.262182 31.562000000000012 4.375 -2050.9369999999999 0.73999999999999999 329.43000000000001 1.120000000000001 266.2056675 261.20566769999999 257.14132799999999 252.14132791500001 274.83372800000001 269.83372800000001 258.30106050000001 253.301060535
-28.361883 31.625 4.5620000000000003 -2049.25 2.0600000000000001 329.14999999999998 1.1900000000000013 267.66614600000003 262.66614625 256.27081800000002 251.27081787500001 274.40555499999999 269.40555510000002 259.50497300000001 254.50497279499999
-28.463278 31.812000000000012 4.3120000000000003 -2046.1869999999999 0.73999999999999999 328.63999999999999 1.3100000000000005 269.07365649999997 264.07365664999998 255.6045125 250.60451255500001 273.74365399999999 268.74365404999998 260.82184599999999 255.82184609999999
-28.562736 31.812000000000012 4.125 -2044.9369999999999 0.70000000000000007 328.43000000000001 1.3499999999999996 270.39898199999999 265.39898195000001 255.17164500000001 250.17164479900001 272.87718799999999 267.87718784999998 262.22225650000001 257.22225665000002
-28.662649 23.812000000000012 3.875 -2045.6869999999999 1.9399999999999999 328.56999999999999 1.3300000000000001 271.61290500000001 266.61290509999998 255.00144750000001 250.00144746262501 271.83531950000003 266.83531944999999 263.67678050000001 258.67678065000001
-28.762383 23.812000000000012 4.625 -2043.5 2.0699999999999998 328.19 1.3800000000000008 272.68620900000002 267.68620915000002 255.11602600000001 250.116026178 270.64721200000002 265.64721179999998 265.15599450000002 260.15599444999998
-28.864514 23.625 6.1870000000000003 -2043.375 2.3100000000000001 328.16000000000003 1.3600000000000012 273.58967699999999 268.58967704999998 255.49906050000001 250.49906064149999 269.34202800000003 264.34202779999998 266.63069250000001 261.6306927
-28.963855 31.437000000000012 6.5620000000000003 -2043.9369999999999 2.3999999999999999 328.25999999999999 1.3399999999999999 274.29409199999998 269.29409184999997 256.12133799999998 251.12133825000001 267.94893050000002 262.94893044999998 268.07230900000002 263.07230900000002
-29.063206 30.687000000000012 5.625 -2045.4369999999999 2.23 328.50999999999999 1.3100000000000005 274.77023650000001 269.77023650000001 256.95363700000001 251.95363696000001 266.49708249999998 261.49708270000002 269.45239300000003 264.45239305000001
-29.163183 30.062000000000012 4.1870000000000003 -2048.0619999999999 1.9899999999999998 328.95999999999998 1.2400000000000002 274.98889400000002 269.98889405 257.96673449999997 252.96673473000001 265.0156475 260.01564745000002 270.74249450000002 265.74249465000003
-29.263525 29.812000000000012 4.0620000000000003 -2051.25 1.9699999999999998 329.48000000000002 1.1100000000000012 274.92454650000002 269.92454674999999 259.13140950000002 254.131409515 263.53379899999999 258.53379905000003 271.91416349999997 266.91416349999997
-29.362166 29.687000000000012 4.375 -2052.4369999999999 2.02 329.68000000000001 1.0400000000000009 274.58680149999998 269.58680164999998 260.41843949999998 255.41843929999999 262.080758 257.08075819999999 272.93894949999998 267.93894945
-29.460618 29.75 4.3120000000000003 -2052.4369999999999 2.0099999999999998 329.68000000000001 1.0500000000000007 274.00467200000003 269.00467220000002 261.79860200000002 256.79860194999998 260.68575800000002 255.6857578 274.49310100000002 269.49310094999998
-29.558311 29.875 4.375 -2051.4369999999999 2.02 329.50999999999999 1.0999999999999996 273.20737600000001 268.20737604999999 263.24267550000002 258.24267555 259.37803050000002 254.37803073000001 274.8798395 269.87983974999997
-29.65532 29.937000000000012 -2042.9380000000001 -2047.9369999999999 2.1400000000000001 328.94 1.2300000000000004 272.224131 267.22413104999998 264.72143799999998 259.72143799999998 258.18680999999998 253.186809815 274.99901 269.99900984999999
-29.753418 30.187000000000012 5.5 -2044.0619999999999 0.93000000000000005 328.29000000000002 1.3499999999999996 271.08415500000001 266.08415480000002 266.2056675 261.20566769999999 257.14132799999999 252.14132791500001 274.83372800000001 269.83372800000001
-29.852092 30.375 4.875 -2042.8119999999999 2.1099999999999999 328.07999999999998 1.4000000000000004 269.816665 264.81666510000002 267.66614600000003 262.66614625 256.27081800000002 251.27081787500001 274.40555499999999 269.40555510000002
-29.95841 30.437000000000012 4.5620000000000003 -2042.0619999999999 2.0499999999999998 327.97000000000003 1.4199999999999999 268.45087949999999 263.45087960000001 269.07365649999997 264.07365664999998 255.6045125 250.60451255500001 273.74365399999999 268.74365404999998
-30.027426 30.5 -2043.375 -2.0 -326.90000000000003 0.25999999999999091 -327.53999999999996 267.01601599999998 262.01601605000002 270.39898199999999 265.39898195000001 255.17164500000001 250.17164479900001 272.87718799999999 267.87718784999998
-30.085974 30.437000000000012 -2043.5 -2.8119999999998981 -326.92000000000002 326.80000000000001 -327.56 265.541292 260.54129219999999 271.61290500000001 266.61290509999998 255.00144750000001 250.00144746262501 271.83531950000003 266.83531944999999
-30.144555 30.312000000000012 4.3120000000000003 -2044.5619999999999 -326.94 327.08999999999997 1.3600000000000012 264.055926 259.05592575000003 272.68620900000002 267.68620915000002 255.11602600000001 250.116026178 270.64721200000002 265.64721179999998
-30.204677 30.312000000000012 4.375 -2044.9369999999999 0.73999999999999999 328.44 1.3499999999999996 262.589135 257.58913489999998 273.58967699999999 268.58967704999998 255.49906050000001 250.49906064149999 269.34202800000003 264.34202779999998
-30.265357 30.187000000000012 4.5 -2045.25 0.76000000000000001 328.49000000000001 1.3399999999999999 261.17013800000001 256.17013800000001 274.29409199999998 269.29409184999997 256.12133799999998 251.12133825000001 267.94893050000002 262.94893044999998
-30.326169 30.312000000000012 -2043.1880000000001 -2045.125 -326.86000000000001 327.19 -327.63 259.82815349999998 254.82815357000001 274.77023650000001 269.77023650000001 256.95363700000001 251.95363696000001 266.49708249999998 261.49708270000002
-30.384581 30.5 -2042.8130000000001 -2045.0619999999999 -326.80000000000001 327.17000000000002 -327.63 258.5924 253.59240002000001 274.98889400000002 269.98889405 257.96673449999997 252.96673473000001 265.0156475 260.01564745000002
-30.444364 30.5 5.875 -2045.1869999999999 -326.69 327.19999999999999 0.030000000000001137 257.492096 252.49209579500001 274.92454650000002 269.92454674999999 259.13140950000002 254.131409515 263.53379899999999 258.53379905000003
-30.5043 30.25 6.375 -2045.75 1.0799999999999998 328.56999999999999 1.2900000000000009 256.55645950000002 251.55645932499999 274.58680149999998 269.58680164999998 260.41843949999998 255.41843929999999 262.080758 257.08075819999999
